-0.9 0.3 1.8 0.75 300.0
4
3.75
2.30
1.49
1.00
4
50.0 700
80.0 3000
90.0 4500
0.0 7000

s "resources/sprites/car.png" 0 0 1097 559
-0.9 0.5 1.8 1.0 0.1 0

1 -0.95 0.123 1.0 1.0
2.741 0.8
3
0.6 0.2 0.2 400
0.55 0.25 0.25 400
0.65 0.15 0.15 400

1 -0.95 -0.154 1.0 1.0
2.741 0.8
3
0.55 0.25 0.25 400
0.65 0.15 0.15 400
0.6 0.2 0.2 400


1 0.95 0.123 3.6 2.0
-0.45 0.8
3
0.6 0.6 0.6 400
0.55 0.65 0.55 400
0.65 0.55 0.65 400

1 0.95 -0.154 3.6 2.0
-0.45 0.8
3
0.6 0.6 0.6 400
0.55 0.65 0.55 400
0.65 0.55 0.65 400


1 -0.95 0.123 2.0 1.0
2.741 0.8
3
0.8 0.3 0.3 400
0.75 0.35 0.35 400
0.85 0.25 0.25 400

1 -0.95 -0.154 2.0 1.0
2.741 0.8
3
0.8 0.3 0.3 400
0.75 0.35 0.35 400
0.85 0.25 0.25 400


1 0.95 0.123 7.0 4.0
-0.45 0.8
3
0.8 0.8 0.8 400
0.75 0.85 0.75 400
0.85 0.75 0.85 400

1 0.95 -0.154 7.0 4.0
-0.45 0.8
3
0.6 0.6 0.6 400
0.55 0.65 0.55 400
0.65 0.55 0.65 400